function f=agoravai(u)
  
  g=9.81;
  d=0.2;
  Li=0.5;
  h=(0.5*0.5-(0.2*0.2))^(1/2);
  k=10000;
  m=(180+34); #TROCA O NUMEROUSP
  
  f=(k*(h-(((h-u)^2)+d*d)^(1/2))*((h-u)/((((h-u)^2)+d*d)^(1/2))))
  
  10000*(-0.5(2*u-0.916)*(0.458-u)*(u^2-0.916*u+0.249764)^(3/2)-0.04*(0.458-(u^2-0.916*u+0.249764)^(1/2))*(u^2-0.916*u+0.249764))/(u^2-0.916*u+0.249764)^(5/2)
  
  