function exer
  N=38000000/6
 r=(3.4923*0.000001*N/(1000000-0.12*N))^(1/2)
 N=-38000/6
 r=(3.4923*0.000001*N/(1000000-0.12*N))^(1/2)
 N=-12000
 r=(3.4923*0.000001*N/(1000000-0.12*N))^(1/2)
 N=12000
 r=(3.4923*0.000001*N/(1000000-0.12*N))^(1/2)
 
 maxx=14*10000*pi*25*0.001
 
 j=3.4923*0.000001/(maxx*maxx)
 h=j+0.12
 1000/h